              precision    recall  f1-score   support

           0       0.98      0.99      0.99    236002
           1       1.00      0.35      0.52       402
           2       1.00      0.98      0.99     25545
           3       0.99      0.94      0.97     23640
           4       0.94      0.98      0.96      1060
           5       0.99      0.97      0.98      1149
           6       0.98      0.99      0.98      1630
           7       0.00      0.00      0.00         7
           8       0.88      0.94      0.91     21675
           9       0.92      0.84      0.88       444
          10       1.00      0.05      0.10       315
          11       0.00      0.00      0.00         7
          12       0.00      0.00      0.00       106

    accuracy                           0.98    311982
   macro avg       0.75      0.62      0.64    311982
weighted avg       0.98      0.98      0.98    311982
